0  0  0  0  0  0  0  0  0  0  0  7  8  0  0  0  0  0  0  0  0  0  0  0
0  0  0  0  0  0  0  0  7  8  8  1  1  8  8  9  0  0  0  0  0  0  0  0
0  0  0  0  0  0  0  0  1  1  1  1  1  1  1  1  0  0  0  0  0  0  0  0
0  0  0  0  0  0  0  0  1  1  1  1  1  1  1  1  0  0  0  0  0  0  0  0
0  0  0  0  0  0  0  0  1  1  2  1  1  1  1  1  0  0  0  0  0  0  0  0
0  0  0  0  0  0  0  0  2  1  1  1  1  2  1  1  0  0  0  0  0  0  0  0
0  0  0  0  0  0  0  0  1  1  3  1  2  1  1  1  0  0  0  0  0  0  0  0
0  0  0  0  0  0  0  0  1  1  1  1  1  1  1  1  0  0  0  0  0  0  0  0
0  8  8  8  8  8  24 9  1  5  1  1  1  5  1  1  7  24  8  8  8  8  8  0
0  1  1  1  1  1  9  1  1  1  1  1  1  1  3  1  1  9  1  1  1  1  1  0
9  1  1  1  1  1  1  1  1  1  1  1  1  1  1  2  1  1  2  1  3  1  1  7
4  1  2  1  3  1  1  2  1  1  2  1  1  1  1  1  1  1  5  1  1  1  1  6
8  1  1  1  1  2  1  1  1  1  1  3  1  1  1  1  2  1  1  1  1  1  1  7
9  1  5  1  1  1  1  1  1  1  1  1  1  1  1  1  1  1  1  1  2  1  1  7
0  1  1  1  1  1  1  1  1  1  1  1  1  2  1  1  1  1  1  1  1  1  1  0
17 8  8  8  8  8  8  8  1  1  2  1  1  1  1  1  7  8  8  8  8  8  8  18
0  0  0  0  0  0  0  0  1  1  1  2  1  1  1  1  0  0  0  0  0  0  0  0
0  0  0  0  0  0  0  0  1  1  1  1  1  1  1  1  0  0  0  0  0  0  0  0
0  0  0  0  0  0  0  0  1  1  5  1  1  5  1  1  0  0  0  0  0  0  0  0
0  0  0  0  0  0  0  0  1  1  1  1  1  2  1  1  0  0  0  0  0  0  0  0
0  0  0  0  0  0  0  0  1  1  2  1  1  1  1  1  0  0  0  0  0  0  0  0
0  0  0  0  0  0  0  0  1  1  1  1  1  1  1  1  0  0  0  0  0  0  0  0
0  0  0  0  0  0  0  0  1  1  1  1  1  1  1  1  0  0  0  0  0  0  0  0
0  0  0  0  0  0  0  17 8  8  8  8  8  8  8  8  18 0  0  0  0  0  0  0

0  0  0  0  0  0  0  0  0  0  0  0  0  0  0  0  0  0  0  0  0  0  0  0
0  8  8  8  8  8  8  8  8  8  8  8  8  8  8  8  8  8  8  8  8  8  8  0
0  1  1  1  1  1  1  1  1  1  1  1  1  1  1  1  1  1  1  1  1  1  1  0
9  1  1  1  2  1  3  1  1  1  1  1  1  1  1  2  1  1  1  1  5  1  1  0
4  1  1  1  1  1  1  1  1  1  1  5  1  1  1  1  1  1  1  1  1  1  1  0
8  1  3  1  1  1  1  5  1  1  1  1  1  3  1  1  1  1  1  1  1  1  1  0
9  1  1  1  1  1  1  1  1  1  1  1  1  1  1  1  1  3  1  1  5  1  1  0
0  1  1  1  1  1  1  1  1  1  1  1  1  1  1  1  1  1  1  1  1  1  1  0
17 8  8  8  8  8  8  8  8  8  8  8  8  8  8  8  8  1  1  1  1  1  1  0
0  0  0  0  0  0  0  0  0  0  0  0  0  0  0  0  0  1  3  1  1  1  1  0
0  0  0  0  0  0  0  0  0  0  0  0  0  0  0  0  0  1  1  5  1  1  1  0
0  0  0  0  0  0  0  0  0  0  0  0  0  0  0  0  0  1  1  1  1  2  1  0
0  0  0  0  0  0  0  0  0  0  0  0  0  0  0  0  0  1  1  1  1  1  1  0
0  0  0  0  0  0  0  0  0  0  0  0  0  0  0  0  0  1  1  2  1  1  1  0
0  0  0  0  0  0  0  0  0  0  0  0  0  0  0  0  0  1  1  1  1  1  1  0
0  0  0  0  0  0  0  0  0  0  0  0  0  0  0  0  0  1  5  1  1  1  1  0
0  0  0  0  0  0  0  0  0  0  0  0  0  0  0  0  0  1  1  1  1  1  1  0
0  0  0  0  0  0  0  0  0  0  0  0  0  0  0  0  0  1  1  1  1  3  1  0
0  0  0  0  0  0  0  0  0  0  0  0  0  0  0  0  0  1  1  2  1  1  1  0
0  0  0  0  0  0  0  0  0  0  0  0  0  0  0  0  0  1  1  1  1  1  1  0
0  0  0  0  0  0  0  0  0  0  0  0  0  0  0  0  0  1  1  1  1  1  1  0
0  0  0  0  0  0  0  0  0  0  0  0  0  0  0  0  0  1  1  1  1  1  1  0
0  0  0  0  0  0  0  0  0  0  0  0  0  0  0  0  0  1  1  1  1  1  1  0
0  0  0  0  0  0  0  0  0  0  0  0  0  0  0  0  17 8  20 6  4  19 8 18

0  0  0  0  0  0  0  0  0  0  0  0  0  0  0  0  0  0  0  7  8  0  0  0
0  0  0  0  0  0  0  0  0  0  0  0  0  0  0  0  0  7  8  1  1  8  9  0
0  0  0  0  0  0  0  0  0  0  0  0  0  0  0  0  0  1  1  1  1  1  1  0
0  0  0  0  0  0  0  0  0  0  0  0  0  0  0  0  0  1  5  1  3  1  1  0
0  0  0  0  0  0  0  0  0  0  0  0  0  0  0  0  0  1  1  1  1  1  1  0
0  0  0  0  0  0  0  0  0  0  0  0  0  0  0  0  0  1  1  1  1  1  1  0
0  0  0  0  0  0  0  0  0  0  0  0  0  0  0  0  0  1  1  1  1  1  1  0
0  0  0  0  0  0  0  0  0  0  0  0  0  0  0  0  0  1  1  3  1  1  1  0
0  0  0  0  0  0  0  0  0  0  8  8  8  8  8  8  8  1  1  1  1  1  1  0
0  0  0  0  0  0  0  0  0  0  1  1  1  1  1  1  1  1  1  1  1  1  1  0
0  0  0  0  0  0  0  0  0  0  2  1  1  1  3  1  1  1  1  2  1  1  1  0
0  8  8  8  8  8  8  8  8  8  1  1  1  1  1  1  1  1  1  1  5  1  1  0
0  1  1  1  1  1  1  3  1  1  1  1  5  1  3  1  1  1  5  3  1  1  1  0
0  1  1  1  1  2  1  1  1  1  1  3  1  1  1  1  1  1  1  1  1  1  1  0
0  1  1  1  3  1  1  1  1  1  1  1  1  1  1  1  1  1  1  1  1  1  1  0
0  1  3  1  1  3  1  1  1  1  3  1  1  5  1  1  1  1  1  1  1  1  1  0
0  1  1  1  1  1  1  8  8  8  8  8  8  8  8  8  8  8  8  8  8  8  8  18
0  1  1  1  1  1  1  0  0  0  0  0  0  0  0  0  0  0  0  0  0  0  0  0
0  1  5  1  1  1  1  0  0  0  0  0  0  0  0  0  0  0  0  0  0  0  0  0
0  1  1  1  1  1  5  0  0  0  0  0  0  0  0  0  0  0  0  0  0  0  0  0
0  1  1  1  1  1  1  0  0  0  0  0  0  0  0  0  0  0  0  0  0  0  0  0
0  1  3  1  1  1  1  0  0  0  0  0  0  0  0  0  0  0  0  0  0  0  0  0
0  1  1  1  1  1  1  0  0  0  0  0  0  0  0  0  0  0  0  0  0  0  0  0
17 8  20 6  4  19 8 18  0  0  0  0  0  0  0  0  0  0  0  0  0  0  0  0

0  0  0  0  0  0  0  0  0  0  0  0  0  0  0  0  0  0  0  7  8  0  0  0
0  0  0  0  0  0  0  0  0  0  0  0  0  0  0  0  0  7  8  1  1  8  9  0
0  0  0  0  0  0  0  0  0  0  0  0  0  0  0  0  0  1  1  1  1  3  1  0
0  0  0  0  0  0  0  0  0  0  0  0  0  0  0  0  0  1  3  1  1  1  1  0
0  0  0  0  0  0  0  0  0  0  0  0  0  0  0  0  0  1  1  1  1  1  1  0
0  0  0  0  0  0  0  0  0  0  0  0  0  0  0  0  0  1  1  5  1  1  1  0
0  0  0  0  0  0  0  0  0  0  0  0  0  0  0  0  0  1  1  1  1  1  1  0
0  0  0  0  0  0  0  0  0  0  0  0  0  0  0  0  0  1  1  1  1  5  1  0
0  0  0  0  0  0  0  0  0  0  0  0  0  0  0  0  0  1  1  3  3  1  1  0
0  0  0  0  0  0  0  0  0  0  0  0  0  0  0  0  0  5  1  1  1  1  3  0
0  0  0  0  0  0  0  0  0  0  0  0  0  0  0  0  0  1  1  1  1  1  1  0
0  0  0  0  0  0  0  0  0  0  0  0  0  0  0  0  0  1  1  3  1  1  1  0
0  0  0  0  0  0  0  0  0  0  0  0  0  0  0  0  0  1  3  1  1  1  1  0
0  0  0  0  0  0  0  0  0  0  0  0  0  0  0  0  0  1  1  1  1  1  1  0
0  0  0  0  0  0  0  0  0  0  0  0  0  0  0  0  0  1  1  3  2  1  1  0
0  0  0  0  0  0  0  0  0  0  0  0  0  0  0  0  0  1  1  1  1  1  1  0
0  8  8  8  8  8  8  8  8  8  8  8  8  8  8  8  8  1  1  1  2  5  1  0
0  1  1  1  1  1  1  1  1  1  1  1  1  1  1  1  1  1  5  1  1  1  1  0
9  1  3  1  1  1  1  3  1  1  1  1  1  1  1  1  5  1  1  1  1  1  1  0
4  1  1  1  1  5  1  1  1  2  1  1  1  1  1  1  1  1  1  1  1  1  1  0
8  1  1  1  1  1  1  1  1  1  1  5  1  1  1  1  1  2  1  3  1  1  1  0
9  1  1  1  1  1  1  1  1  1  1  1  1  1  1  1  5  1  1  1  3  1  1  0
0  1  1  3  1  1  1  1  1  1  3  1  1  3  1  1  1  1  1  1  1  1  1  0
17 8  8  8  8  8  8  8  8  8  8  8  8  8  8  8  8  8  8  8  8  8  8  18

0 0 0 0 0 0 0 0 0 0 0 0 0 0 0 0 0 0 0 0 0 0 0 0
0 8 8 8 8 8 8 8 8 8 8 8 8 8 8 8 8 8 8 8 8 8 8 0
0 1 1 1 1 1 1 1 1 1 1 1 1 1 1 1 1 1 1 1 1 1 1 0
0 1 1 5 1 1 1 5 1 1 1 1 1 1 1 1 1 1 1 1 5 1 1 0
0 1 1 1 1 1 1 1 1 1 1 1 1 1 5 1 1 1 1 1 1 1 1 7
0 1 1 1 1 2 1 1 1 1 1 1 1 1 1 1 1 1 1 1 1 1 1 6
0 1 1 1 1 1 1 1 1 2 1 1 1 1 1 1 1 1 1 1 1 1 1 7
0 1 1 1 1 1 1 1 1 1 1 1 3 1 1 1 1 1 1 1 1 1 1 7
0 1 1 1 1 1 1 1 1 1 1 1 1 1 1 1 1 1 1 1 1 1 1 0
0 1 1 1 1 1 1 1 2 1 1 1 1 1 1 1 2 1 1 1 1 1 1 0
0 1 1 1 1 1 1 1 1 1 1 1 1 1 1 1 1 1 1 1 1 1 1 0
0 1 1 1 1 2 1 1 1 1 1 1 1 1 1 1 1 1 1 1 1 1 1 0
0 1 1 1 1 1 1 1 5 1 1 1 1 1 3 1 1 1 1 1 1 1 1 0
0 1 1 1 1 1 1 1 1 1 1 1 1 1 1 1 1 1 1 1 1 1 1 0
0 1 1 1 1 1 1 1 1 1 1 1 1 2 1 1 1 1 1 1 1 1 1 0
0 1 1 1 1 1 1 1 3 1 1 1 3 1 1 1 1 1 1 1 1 1 1 0
0 1 1 3 1 1 1 1 1 1 1 1 1 1 1 1 1 1 5 1 1 1 1 0
0 1 1 1 1 1 1 1 1 1 1 1 1 1 3 1 1 1 1 1 1 5 1 0
0 1 1 1 1 1 1 1 1 1 1 1 1 1 1 1 1 1 1 1 1 1 1 0
0 1 1 1 1 1 1 1 1 1 1 1 5 1 1 1 1 1 1 3 1 1 1 0
0 1 1 1 1 1 1 1 1 1 1 1 1 1 1 1 1 1 1 1 1 1 1 0
0 1 1 1 1 1 1 1 1 1 1 1 1 1 1 1 1 1 1 1 1 1 1 0
0 1 1 1 1 1 1 3 1 1 1 1 1 1 1 1 1 1 1 1 1 1 1 0
17 8 8 8 8 8 8 8 8 8 8 8 8 8 8 8 8 8 8 8 8 8 8 18

0  0  0  0  0  0  0  0  0  0  0  0  0  0  0  0  0  0  0  7  8  0  0  0
0  0  0  0  0  0  0  0  0  0  0  0  0  0  0  0  0  7  8  1  1  8  9  0
0  0  0  0  0  0  0  0  0  0  0  0  0  0  0  0  0  1  1  1  1  1  1  0
0  0  0  0  0  0  0  0  0  0  0  0  0  0  0  0  0  1  1  1  1  1  1  0
0  0  0  0  0  0  0  0  0  0  0  0  0  0  0  0  0  1  1  1  1  1  1  0
0  0  0  0  0  0  0  0  0  0  0  0  0  0  0  0  0  1  1  2  1  1  1  0
0  0  0  0  0  0  0  0  0  0  0  0  0  0  0  0  0  1  1  1  1  1  1  0
0  0  0  0  0  0  0  0  0  0  0  0  0  0  0  0  0  1  1  1  2  1  1  0
0  0  0  0  0  0  0  0  0  0  8  8  8  8  8  8  8  3  1  1  1  1  1  0
0  0  0  0  0  0  0  0  0  0  1  1  1  1  1  1  1  1  1  1  1  1  1  0
0  0  0  0  0  0  0  0  0  0  1  2  1  1  1  2  1  2  3  1  1  1  1  0
0  8  8  8  8  8  8  8  8  8  1  1  1  1  1  1  1  1  1  1  1  1  1  0
0  1  1  1  1  1  1  1  1  1  1  1  1  1  1  1  1  1  1  1  1  1  1  0
0  1  1  1  5  1  1  1  1  1  1  2  1  1  1  1  1  1  1  5  1  3  1  0
0  1  1  1  1  1  1  1  1  1  1  1  1  1  1  5  1  1  1  1  1  1  1  0
0  1  1  1  3  1  1  1  1  1  1  1  1  1  1  1  1  1  1  1  1  1  1  0
0  1  1  1  1  1  1  8  8  8  8  8  8  8  8  8  8  8  8  8  8  8  8  18
0  1  1  2  1  1  1  0  0  0  0  0  0  0  0  0  0  0  0  0  0  0  0  0
0  1  1  1  3  1  1  0  0  0  0  0  0  0  0  0  0  0  0  0  0  0  0  0
0  5  1  1  1  1  1  0  0  0  0  0  0  0  0  0  0  0  0  0  0  0  0  0
0  1  1  1  1  1  1  0  0  0  0  0  0  0  0  0  0  0  0  0  0  0  0  0
0  1  1  1  1  1  1  0  0  0  0  0  0  0  0  0  0  0  0  0  0  0  0  0
0  1  1  1  1  1  1  0  0  0  0  0  0  0  0  0  0  0  0  0  0  0  0  0
17 8  20 6  4  19 8 18  0  0  0  0  0  0  0  0  0  0  0  0  0  0  0  0

0  0  0  0  0  0  0  0  0  0  0  7  8  0  0  0  0  0  0  0  0  0  0  0
0  0  0  0  0  0  0  0  7  8  8  1  1  8  8  9  0  0  0  0  0  0  0  0
0  0  0  0  0  0  0  0  1  1  1  1  1  1  1  1  0  0  0  0  0  0  0  0
0  0  0  0  0  0  0  0  1  1  1  1  1  1  1  1  0  0  0  0  0  0  0  0
0  0  0  0  0  0  0  0  1  1  1  1  1  1  1  1  0  0  0  0  0  0  0  0
0  0  0  0  0  0  0  0  1  1  1  1  1  3  1  1  0  0  0  0  0  0  0  0
0  0  0  0  0  0  0  0  1  2  1  1  1  1  1  1  0  0  0  0  0  0  0  0
0  0  0  0  0  0  0  0  1  1  1  1  2  1  1  1  0  0  0  0  0  0  0  0
0  8  8  8  8  8  24 9  1  1  1  1  1  1  1  1  7  24  8  8  8  8  8  0
0  1  1  1  1  1  9  1  1  1  1  2  1  1  1  1  1  9  1  1  1  1  1  0
9  1  1  1  1  1  1  1  2  1  3  1  1  1  1  1  1  1  1  1  1  1  1  7
4  1  1  1  5  1  1  1  1  1  1  1  1  1  5  1  1  1  1  1  1  1  1  6
8  1  1  2  1  1  1  1  1  1  1  1  1  1  1  1  1  5  1  5  1  1  1  7
9  1  1  1  1  1  1  1  1  1  1  1  1  1  1  1  1  1  1  1  1  1  1  7
0  1  1  1  1  1  1  1  1  1  1  1  1  1  1  1  1  1  1  1  1  1  1  0
17 8  8  8  8  8  8  8  1  1  1  1  1  1  1  1  7  8  8  8  8  8  8  18
0  0  0  0  0  0  0  0  1  1  1  1  2  1  1  1  0  0  0  0  0  0  0  0
0  0  0  0  0  0  0  0  1  1  1  1  1  1  1  1  0  0  0  0  0  0  0  0
0  0  0  0  0  0  0  0  1  1  5  1  3  1  1  1  0  0  0  0  0  0  0  0
0  0  0  0  0  0  0  0  1  1  1  1  1  1  1  1  0  0  0  0  0  0  0  0
0  0  0  0  0  0  0  0  1  1  1  1  1  1  1  1  0  0  0  0  0  0  0  0
0  0  0  0  0  0  0  0  1  1  1  1  1  1  1  1  0  0  0  0  0  0  0  0
0  0  0  0  0  0  0  0  1  1  1  1  1  1  1  1  0  0  0  0  0  0  0  0
0  0  0  0  0  0  0  17 8 8  20 6  4  19 8 8 18 0  0  0  0  0  0  0

0 0 0 0 0 0 0 0 0 0 0 0 0 0 0 0 0 0 0 0 0 0 0 0
0 8 8 8 8 8 8 8 8 8 8 8 8 8 8 8 8 8 8 8 8 8 8 0
0 1 1 1 1 1 1 1 1 1 1 1 1 1 1 1 1 1 1 1 1 1 1 0
0 1 1 1 1 1 1 1 1 1 1 1 1 1 1 1 1 1 1 1 1 1 1 0
0 1 1 1 1 1 1 1 1 1 1 1 1 1 1 1 1 1 1 1 1 1 1 7
0 1 1 2 1 1 1 2 1 1 1 1 1 1 1 1 1 2 1 1 1 1 1 6
0 1 1 1 1 1 1 1 1 1 1 1 1 1 1 1 1 1 1 1 1 1 1 7
0 1 1 1 1 1 1 2 1 1 1 1 1 1 2 1 1 1 1 1 1 1 1 7
0 1 1 1 1 1 1 1 1 1 1 1 1 1 1 1 1 1 2 1 1 1 1 0
0 1 1 1 1 1 1 1 1 1 1 1 1 1 1 1 1 1 1 1 1 1 1 0
0 1 1 1 1 1 1 1 1 1 1 1 1 1 1 1 1 1 1 1 1 1 1 0
0 1 1 1 1 1 1 1 1 1 1 1 2 1 1 1 1 2 1 1 1 1 1 0
0 1 1 1 1 1 1 1 1 2 1 1 1 1 1 1 1 1 1 1 1 1 1 0
0 1 1 1 1 1 1 1 1 1 1 1 1 1 1 1 1 1 1 1 1 1 1 0
9 1 1 1 1 1 2 1 1 1 1 1 1 1 1 1 1 1 2 1 1 1 1 0
4 1 1 1 1 1 1 1 1 1 1 1 2 1 1 1 1 1 1 1 1 1 1 0
8 1 1 1 1 1 1 1 1 1 1 1 1 1 1 1 1 1 1 1 2 1 1 0
9 1 1 1 1 1 1 1 1 1 1 1 1 1 1 1 1 1 1 1 1 1 1 0
0 1 1 1 1 1 1 1 1 1 1 1 1 1 1 1 2 1 1 1 1 1 1 0
0 1 1 1 1 1 1 1 1 1 1 1 1 1 1 1 1 1 1 1 1 1 1 0
0 1 1 1 1 2 1 1 1 1 1 1 1 1 2 1 1 1 2 1 2 1 1 0
0 1 1 1 1 1 1 1 1 1 1 1 1 1 1 1 1 1 1 1 1 1 1 0
0 1 1 1 1 1 1 1 1 1 1 1 1 1 1 1 1 1 1 1 1 1 1 0
17 8 8 8 8 8 8 8 8 8 8 8 8 8 8 8 8 8 8 8 8 8 8 18

0 0 0 0 0 0 0 0 0 0 0 0 0 0 0 0 0 0 0 0 0 0 0 0
0 8 8 8 8 8 8 8 8 8 8 8 8 8 8 8 8 8 8 8 8 8 8 0
0 1 1 1 1 1 1 1 1 1 1 1 1 1 1 1 1 1 1 1 1 1 1 0
0 1 1 1 1 1 1 1 1 1 2 1 1 1 1 1 1 1 1 1 1 1 1 0
0 1 1 1 1 1 1 1 1 1 1 1 1 1 1 1 1 1 1 2 1 1 1 7
0 1 1 1 2 1 1 1 1 1 1 1 1 1 1 1 1 1 1 1 1 1 1 6
0 1 1 1 1 1 1 1 1 1 1 1 1 1 1 1 1 1 1 1 1 1 1 7
0 1 1 1 1 1 1 1 2 1 1 1 1 1 1 2 1 1 1 1 1 1 1 7
0 1 1 1 2 1 1 1 1 1 1 1 1 1 1 1 1 1 1 1 1 1 1 0
0 1 1 1 1 1 1 1 1 1 1 2 1 1 1 1 1 1 1 1 1 1 1 0
0 1 1 1 1 1 1 1 1 1 1 1 1 1 2 1 1 1 1 1 1 1 1 0
0 1 1 1 1 1 1 1 1 1 1 1 1 1 1 1 1 1 2 1 1 1 1 0
0 1 1 1 1 1 1 1 2 1 1 1 1 1 1 1 1 1 1 1 1 1 1 0
0 1 1 1 2 1 1 1 1 1 1 1 2 1 1 1 1 1 1 1 1 1 1 0
0 1 1 1 1 1 1 1 1 1 1 1 1 1 1 1 1 1 1 1 1 1 1 0
0 1 1 1 1 1 1 1 2 1 1 1 1 1 1 1 1 1 2 1 1 1 1 0
0 1 1 1 1 1 1 1 1 1 1 1 1 1 1 1 1 1 1 1 1 1 1 0
0 1 1 1 2 1 1 1 1 1 1 2 1 1 1 1 2 1 1 1 1 1 1 0
0 1 1 1 1 1 1 1 1 1 1 1 1 1 1 1 1 1 1 1 1 1 1 0
0 1 1 1 1 1 2 1 1 1 1 1 1 1 2 1 1 1 1 1 1 1 1 0
0 1 1 1 1 1 1 1 1 1 1 1 1 1 1 1 1 1 1 1 1 1 1 0
0 1 1 1 1 1 1 1 1 1 1 1 1 1 1 1 1 1 1 1 1 1 1 0
0 1 1 1 1 1 1 1 1 1 1 1 1 1 1 1 1 1 1 1 1 1 1 0
17 8 8 8 8 8 8 8 8 8 8 8 8 8 8 8 8 8 8 8 8 8 8 18

0 0 0 0 0 0 0 0 0 0 0 0 0 0 0 0 0 0 0 0 0 0 0 0
0 8 8 8 8 8 8 8 8 8 8 8 8 8 8 8 8 8 8 8 8 8 8 0
0 1 1 1 1 1 1 1 1 1 1 1 1 1 1 1 1 1 1 1 1 1 1 0
0 1 1 1 1 1 1 1 1 1 1 1 1 1 1 1 1 1 1 1 1 1 1 0
0 1 1 1 1 1 1 1 1 1 1 1 1 1 1 1 1 1 1 1 1 1 1 7
0 1 1 1 1 1 1 1 1 1 1 1 1 1 1 1 1 1 1 1 1 1 1 6
0 1 1 1 1 1 1 1 1 1 1 1 1 1 1 1 1 1 1 1 1 1 1 7
0 1 1 1 1 1 1 1 1 1 1 1 1 1 1 1 1 1 1 1 1 1 1 7
0 1 1 1 1 1 1 1 1 1 1 1 1 1 1 1 1 1 1 1 1 1 1 0
0 1 1 1 1 1 1 1 1 1 1 1 1 1 1 1 1 1 1 1 1 1 1 0
0 1 1 1 1 1 1 1 1 1 1 1 1 1 1 1 1 1 1 1 1 1 1 0
0 1 1 1 1 1 1 1 1 1 1 1 1 1 1 1 1 1 1 1 1 1 1 0
0 1 1 1 1 1 1 1 1 1 1 1 1 1 1 1 1 1 1 1 1 1 1 0
0 1 1 1 1 1 1 1 1 1 1 1 1 1 1 1 1 1 1 1 1 1 1 0
9 1 1 1 1 1 1 1 1 1 1 1 1 1 1 1 1 1 1 1 1 1 1 0
4 1 1 1 1 1 1 1 1 1 1 1 1 1 1 1 1 1 1 1 1 1 1 0
8 1 1 1 1 1 1 1 1 1 1 1 1 1 1 1 1 1 1 1 1 1 1 0
9 1 1 1 1 1 1 1 1 1 1 1 1 1 1 1 1 1 1 1 1 1 1 0
0 1 1 1 1 1 1 1 1 1 1 1 1 1 1 1 1 1 1 1 1 1 1 0
0 1 1 1 1 1 1 1 1 1 1 1 1 1 1 1 1 1 1 1 1 1 1 0
0 1 1 1 1 1 1 1 1 1 1 1 1 1 1 1 1 1 1 1 1 1 1 0
0 1 1 1 1 1 1 1 1 1 1 1 1 1 1 1 1 1 1 1 1 1 1 0
0 1 1 1 1 1 1 1 1 1 1 1 1 1 1 1 1 1 1 1 1 1 1 0
17 8 8 8 8 8 8 8 8 8 8 8 8 8 8 8 8 8 8 8 8 8 8 18

0  0  0  0  0  0  0  0  0  0  0  0  0  0  0  0  0  0  0  0  0  0  0  0
0  8  8  8  8  8  8  8  8  8  8  8  8  8  8  8  8  8  8  8  8  8  8  0
0  1  1  1  1  1  1  1  1  1  1  1  1  1  1  1  1  1  1  1  1  1  1  0
9  1  1  1  1  1  1  1  1  1  1  1  1  1  1  1  1  1  1  1  1  1  1  0
4  1  1  1  1  1  1  1  1  1  1  1  1  1  1  1  1  1  1  1  1  1  1  0
8  1  1  1  1  1  1  1  1  1  1  1  1  1  1  1  1  1  1  1  1  1  1  0
9  1  1  1  1  1  1  1  1  1  1  1  1  1  1  1  1  1  1  1  1  1  1  0
0  1  1  1  1  1  1  1  1  1  1  1  1  1  1  1  1  1  1  1  1  1  1  0
17 8  8  8  8  8  8  8  8  8  8  8  8  8  8  8  8  1  1  1  1  1  1  0
0  0  0  0  0  0  0  0  0  0  0  0  0  0  0  0  0  1  1  1  1  1  1  0
0  0  0  0  0  0  0  0  0  0  0  0  0  0  0  0  0  1  1  1  1  1  1  0
0  0  0  0  0  0  0  0  0  0  0  0  0  0  0  0  0  1  1  1  1  1  1  0
0  0  0  0  0  0  0  0  0  0  0  0  0  0  0  0  0  1  1  1  1  1  1  0
0  0  0  0  0  0  0  0  0  0  0  0  0  0  0  0  0  1  1  1  1  1  1  0
0  0  0  0  0  0  0  0  0  0  0  0  0  0  0  0  0  1  1  1  1  1  1  0
0  0  0  0  0  0  0  0  0  0  0  0  0  0  0  0  0  1  1  1  1  1  1  0
0  0  0  0  0  0  0  0  0  0  0  0  0  0  0  0  0  1  1  1  1  1  1  0
0  0  0  0  0  0  0  0  0  0  0  0  0  0  0  0  0  1  1  1  1  1  1  0
0  0  0  0  0  0  0  0  0  0  0  0  0  0  0  0  0  1  1  1  1  1  1  0
0  0  0  0  0  0  0  0  0  0  0  0  0  0  0  0  0  1  1  1  1  1  1  0
0  0  0  0  0  0  0  0  0  0  0  0  0  0  0  0  0  1  1  1  1  1  1  0
0  0  0  0  0  0  0  0  0  0  0  0  0  0  0  0  0  1  1  1  1  1  1  0
0  0  0  0  0  0  0  0  0  0  0  0  0  0  0  0  0  1  1  1  1  1  1  0
0  0  0  0  0  0  0  0  0  0  0  0  0  0  0  0  17 8  20 6  4  19 8 18

0  0  0  0  0  0  0  0  0  0  0  0  0  0  0  0  0  0  0  7  8  0  0  0
0  0  0  0  0  0  0  0  0  0  0  0  0  0  0  0  0  7  8  1  1  8  9  0
0  0  0  0  0  0  0  0  0  0  0  0  0  0  0  0  0  1  1  1  1  1  1  0
0  0  0  0  0  0  0  0  0  0  0  0  0  0  0  0  0  1  1  1  1  1  1  0
0  0  0  0  0  0  0  0  0  0  0  0  0  0  0  0  0  1  1  1  1  1  1  0
0  0  0  0  0  0  0  0  0  0  0  0  0  0  0  0  0  1  1  1  1  1  1  0
0  0  0  0  0  0  0  0  0  0  0  0  0  0  0  0  0  1  1  1  1  1  1  0
0  0  0  0  0  0  0  0  0  0  0  0  0  0  0  0  0  1  1  1  1  1  1  0
0  0  0  0  0  0  0  0  0  0  8  8  8  8  8  8  8  1  1  1  1  1  1  0
0  0  0  0  0  0  0  0  0  0  1  1  1  1  1  1  1  1  1  1  1  1  1  0
0  0  0  0  0  0  0  0  0  0  1  1  1  1  1  1  1  1  1  1  1  1  1  0
0  8  8  8  8  8  8  8  8  8  1  1  1  1  1  1  1  1  1  1  1  1  1  0
0  1  1  1  1  1  1  1  1  1  1  1  1  1  1  1  1  1  1  1  1  1  1  0
0  1  1  1  1  1  1  1  1  1  1  1  1  1  1  1  1  1  1  1  1  1  1  0
0  1  1  1  1  1  1  1  1  1  1  1  1  1  1  1  1  1  1  1  1  1  1  0
0  1  1  1  1  1  1  1  1  1  1  1  1  1  1  1  1  1  1  1  1  1  1  0
0  1  1  1  1  1  1  8  8  8  8  8  8  8  8  8  8  8  8  8  8  8  8  18
0  1  1  1  1  1  1  0  0  0  0  0  0  0  0  0  0  0  0  0  0  0  0  0
0  1  1  1  1  1  1  0  0  0  0  0  0  0  0  0  0  0  0  0  0  0  0  0
0  1  1  1  1  1  1  0  0  0  0  0  0  0  0  0  0  0  0  0  0  0  0  0
0  1  1  1  1  1  1  0  0  0  0  0  0  0  0  0  0  0  0  0  0  0  0  0
0  1  1  1  1  1  1  0  0  0  0  0  0  0  0  0  0  0  0  0  0  0  0  0
0  1  1  1  1  1  1  0  0  0  0  0  0  0  0  0  0  0  0  0  0  0  0  0
17 8  8  8  8  8 8 18  0  0  0  0  0  0  0  0  0  0  0  0  0  0  0  0

0 0 0 0 0 0 0 0 0 0 0 0 0 0 0 0 0 0 0 0 0 0 0 0
0 8 8 8 8 8 8 8 8 8 8 8 8 8 8 8 8 8 8 8 8 8 8 0
0 1 1 1 1 1 1 1 1 1 1 1 1 1 1 1 1 1 1 1 1 1 1 0
0 1 1 1 1 1 1 1 1 1 1 1 1 1 1 1 1 1 1 1 1 1 1 0
0 1 1 1 1 1 1 1 1 1 1 1 1 1 1 1 1 1 1 1 1 1 1 7
0 1 1 1 1 1 1 1 1 1 1 1 1 1 1 1 1 1 1 1 1 1 1 6
0 1 1 1 1 1 1 2 1 1 1 1 1 1 1 1 1 1 1 1 1 1 1 7
0 1 1 1 1 1 1 1 1 1 1 1 1 1 1 1 1 1 1 1 1 1 1 7
0 1 1 1 1 1 1 1 1 3 1 1 1 5 1 1 1 1 2 1 1 1 1 0
0 1 1 1 1 1 1 1 1 1 1 1 1 1 1 1 1 1 1 1 1 1 1 0
0 1 1 1 1 1 1 1 1 1 1 1 1 1 1 1 1 1 1 1 1 1 1 0
0 1 1 1 1 1 1 1 1 1 1 1 1 1 1 1 1 3 1 1 1 1 1 0
0 1 1 1 1 1 1 1 1 1 1 1 1 1 1 1 1 1 1 1 1 1 1 0
0 1 1 1 1 1 1 2 1 1 1 1 1 1 1 1 1 1 1 1 1 1 1 0
0 1 1 1 1 1 1 1 1 1 1 1 1 1 1 1 5 1 1 1 1 1 1 0
0 1 1 1 1 1 1 1 1 1 1 1 2 1 1 1 1 1 1 1 1 1 1 0
0 1 1 1 1 1 1 1 1 1 1 1 1 1 1 1 1 1 1 1 1 1 1 0
0 1 1 1 1 1 1 1 1 1 1 1 1 1 1 1 1 1 1 1 1 1 1 0
0 1 1 1 1 1 1 1 1 1 1 1 1 1 1 1 1 1 1 1 1 1 1 0
0 1 1 1 1 1 1 1 1 1 1 1 1 1 1 1 1 1 1 1 1 1 1 0
0 1 1 1 1 1 1 1 1 1 1 1 1 1 1 1 1 1 1 1 1 1 1 0
0 1 1 1 1 1 1 1 1 1 1 1 1 1 1 1 1 1 1 1 1 1 1 0
0 1 1 1 1 1 1 1 1 1 1 1 1 1 1 1 1 1 1 1 1 1 1 0
17 8 8 8 8 8 8 8 8 8 8 8 8 8 8 8 8 8 8 8 8 8 8 18

0  0  0  0  0  0  0  0  0  0  0  0  0  0  0  0  0  0  0  7  8  0  0  0
0  0  0  0  0  0  0  0  0  0  0  0  0  0  0  0  0  7  8  1  1  8  9  0
0  0  0  0  0  0  0  0  0  0  0  0  0  0  0  0  0  1  1  1  1  1  1  0
0  0  0  0  0  0  0  0  0  0  0  0  0  0  0  0  0  1  1  1  1  1  1  0
0  0  0  0  0  0  0  0  0  0  0  0  0  0  0  0  0  1  1  1  1  1  1  0
0  0  0  0  0  0  0  0  0  0  0  0  0  0  0  0  0  1  1  1  1  1  1  0
0  0  0  0  0  0  0  0  0  0  0  0  0  0  0  0  0  1  1  1  1  1  1  0
0  0  0  0  0  0  0  0  0  0  0  0  0  0  0  0  0  1  1  1  1  1  1  0
0  0  0  0  0  0  0  0  0  0  8  8  8  8  8  8  8  1  1  1  1  1  1  0
0  0  0  0  0  0  0  0  0  0  1  1  1  1  1  1  1  1  1  1  1  1  1  0
0  0  0  0  0  0  0  0  0  0  1  1  1  1  1  1  1  1  1  1  1  1  1  0
0  8  8  8  8  8  8  8  8  8  1  1  1  1  1  1  1  1  1  1  1  1  1  0
0  1  1  1  1  1  1  1  1  1  1  1  1  1  1  1  1  1  1  1  1  1  1  0
0  1  1  1  1  1  1  1  1  1  1  1  1  1  1  1  1  1  1  1  1  1  1  0
0  1  1  1  1  1  1  1  1  1  1  1  1  1  1  1  1  1  1  1  1  1  1  0
0  1  1  1  1  1  1  1  1  1  1  1  1  1  1  1  1  1  1  1  1  1  1  0
0  1  1  1  1  1  1  8  8  8  8  8  8  8  8  8  8  8  8  8  8  8  8  18
0  1  1  1  1  1  1  0  0  0  0  0  0  0  0  0  0  0  0  0  0  0  0  0
0  1  1  1  1  1  1  0  0  0  0  0  0  0  0  0  0  0  0  0  0  0  0  0
0  1  1  1  1  1  1  0  0  0  0  0  0  0  0  0  0  0  0  0  0  0  0  0
0  1  1  1  1  1  1  0  0  0  0  0  0  0  0  0  0  0  0  0  0  0  0  0
0  1  1  1  1  1  1  0  0  0  0  0  0  0  0  0  0  0  0  0  0  0  0  0
0  1  1  1  1  1  1  0  0  0  0  0  0  0  0  0  0  0  0  0  0  0  0  0
17 8  20 6  4  19 8 18  0  0  0  0  0  0  0  0  0  0  0  0  0  0  0  0

0 0 0 0 0 0 0 0 0 0 0 0 0 0 0 0 0 0 0 0 0 0 0 0
0 8 8 8 8 8 8 8 8 8 8 8 8 8 8 8 8 8 8 8 8 8 8 0
0 1 1 1 1 1 1 1 1 1 1 1 1 1 1 1 1 1 1 1 1 1 1 0
0 1 1 1 1 1 1 1 1 1 1 1 1 1 1 1 1 1 1 1 1 1 1 0
0 1 1 1 1 1 1 1 1 1 1 1 1 1 1 1 1 1 1 1 1 1 1 0
0 1 1 1 1 1 1 1 1 1 1 1 1 1 1 1 1 1 1 1 1 1 1 0
0 1 1 1 1 1 1 1 1 1 1 1 1 1 1 1 1 1 1 1 1 1 1 0
0 1 1 1 1 1 1 1 1 1 1 1 1 1 1 1 1 1 1 1 1 1 1 0
0 1 1 1 1 1 1 1 1 1 1 1 1 1 1 1 1 1 1 1 1 1 1 0
0 1 1 1 1 1 1 1 1 1 1 1 1 1 1 1 1 1 1 1 1 1 1 0
0 1 1 1 1 1 1 1 1 1 1 1 1 1 1 1 1 1 1 1 1 1 1 0
0 1 1 1 1 1 1 1 1 1 1 6 4 1 1 1 1 1 1 1 1 1 1 0
0 1 1 1 1 1 1 1 1 1 1 7 8 1 1 1 1 1 1 1 1 1 1 0
0 1 1 1 1 1 1 1 1 1 1 1 1 1 1 1 1 1 1 1 1 1 1 0
0 1 1 1 1 1 1 1 1 1 1 1 1 1 1 1 1 1 1 1 1 1 1 0
0 1 1 1 1 1 1 1 1 1 1 1 1 1 1 1 1 1 1 1 1 1 1 0
0 1 1 1 1 1 1 1 1 1 1 1 1 1 1 1 1 1 1 1 1 1 1 0
0 1 1 1 1 1 1 1 1 1 1 1 1 1 1 1 1 1 1 1 1 1 1 0
0 1 1 1 1 1 1 1 1 1 1 1 1 1 1 1 1 1 1 1 1 1 1 0
0 1 1 1 1 1 1 1 1 1 1 1 1 1 1 1 1 1 1 1 1 1 1 0
0 1 1 1 1 1 1 1 1 1 1 1 1 1 1 1 1 1 1 1 1 1 1 0
0 1 1 1 1 1 1 1 1 1 1 1 1 1 1 1 1 1 1 1 1 1 1 0
0 1 1 1 1 1 1 1 1 1 1 1 1 1 1 1 1 1 1 1 1 1 1 0
17 8 8 8 8 8 8 8 8 8 20 6  4  19 8 8 8 8 8 8 8 8 8 18
